Year_waste	R1_F_waste	R2_F_waste	R3_F_waste	Year	f_inc_R1	f_landf_R1	f_mism_R1	f_rec_R1	f_inc_R23	f_landf_R23	f_mism_R23	f_rec_R23	OECD_RA_F_waste_R1	OECD_RA_F_waste_R23	OECD_GA_F_waste_R123
1950	0.000	0.000	0.000	1950	0.00000	0.80023	0.19977	0.00000	0.00000	0.43885	0.56115	0.00000	0.000	0.000	0.000
1951	0.085	0.002	0.000	1951	0.00000	0.80023	0.19977	0.00000	0.00000	0.43885	0.56115	0.00000	0.000	0.000	0.000
1952	0.173	0.004	0.000	1952	0.00000	0.80023	0.19977	0.00000	0.00000	0.43903	0.56098	0.00000	0.000	0.000	0.000
1953	0.265	0.007	0.000	1953	0.00000	0.80011	0.19989	0.00000	0.00000	0.43960	0.56041	0.00000	0.000	0.000	0.000
1954	0.360	0.011	0.000	1954	0.00000	0.79973	0.20027	0.00000	0.00000	0.44036	0.55964	0.00000	0.000	0.000	0.000
1955	0.459	0.015	0.000	1955	0.00000	0.79941	0.20059	0.00000	0.00000	0.44083	0.55917	0.00000	0.000	0.000	0.000
1956	0.561	0.019	0.000	1956	0.00000	0.79924	0.20076	0.00000	0.00000	0.44114	0.55886	0.00000	0.000	0.000	0.000
1957	0.667	0.025	0.000	1957	0.00000	0.79919	0.20081	0.00000	0.00000	0.44134	0.55867	0.00000	0.000	0.000	0.000
1958	0.777	0.031	0.000	1958	0.00000	0.79913	0.20087	0.00000	0.00000	0.44164	0.55836	0.00000	0.000	0.000	0.000
1959	0.891	0.038	0.000	1959	0.00000	0.79918	0.20082	0.00000	0.00000	0.44174	0.55826	0.00000	0.000	0.000	0.000
1960	1.008	0.046	0.001	1960	0.00000	0.79919	0.20081	0.00000	0.00000	0.44203	0.55797	0.00000	0.000	0.000	0.000
1961	1.130	0.054	0.003	1961	0.00000	0.79919	0.20081	0.00000	0.00000	0.44242	0.55759	0.00000	0.000	0.000	0.000
1962	1.256	0.064	0.005	1962	0.00000	0.79924	0.20076	0.00000	0.00000	0.44266	0.55734	0.00000	0.000	0.000	0.000
1963	1.387	0.074	0.008	1963	0.00000	0.79927	0.20073	0.00000	0.00000	0.44291	0.55709	0.00000	0.000	0.000	0.000
1964	1.523	0.085	0.012	1964	0.00000	0.79930	0.20070	0.00000	0.00000	0.44304	0.55696	0.00000	0.000	0.000	0.000
1965	1.663	0.098	0.016	1965	0.00000	0.79931	0.20069	0.00000	0.00000	0.44316	0.55684	0.00000	0.000	0.000	0.000
1966	1.808	0.111	0.020	1966	0.00000	0.79933	0.20067	0.00000	0.00000	0.44322	0.55678	0.00000	0.000	0.000	0.000
1967	1.957	0.126	0.026	1967	0.00000	0.79933	0.20067	0.00000	0.00000	0.44336	0.55664	0.00000	0.000	0.000	0.000
1968	2.109	0.142	0.032	1968	0.00000	0.79934	0.20066	0.00000	0.00000	0.44333	0.55667	0.00000	0.000	0.000	0.000
1969	2.265	0.160	0.038	1969	0.00000	0.79935	0.20065	0.00000	0.00000	0.44330	0.55671	0.00000	0.000	0.000	0.000
1970	2.425	0.179	0.046	1970	0.00000	0.79932	0.20069	0.00000	0.00000	0.44349	0.55651	0.00000	0.000	0.000	0.000
1971	2.590	0.199	0.054	1971	0.00000	0.79929	0.20071	0.00000	0.00000	0.44365	0.55635	0.00000	0.000	0.000	0.000
1972	2.761	0.221	0.063	1972	0.00000	0.79928	0.20072	0.00000	0.00000	0.44370	0.55630	0.00000	0.000	0.000	0.000
1973	2.938	0.245	0.073	1973	0.00000	0.79927	0.20073	0.00000	0.00000	0.44372	0.55628	0.00000	0.000	0.000	0.000
1974	3.120	0.270	0.084	1974	0.00000	0.79922	0.20078	0.00000	0.00000	0.44403	0.55597	0.00000	0.000	0.000	0.000
1975	3.305	0.298	0.097	1975	0.00000	0.79912	0.20089	0.00000	0.00000	0.44472	0.55528	0.00000	0.000	0.000	0.000
1976	3.493	0.331	0.110	1976	0.00000	0.79913	0.20087	0.00000	0.00000	0.44481	0.55519	0.00000	0.000	0.000	0.000
1977	3.685	0.366	0.124	1977	0.00000	0.79912	0.20088	0.00000	0.00000	0.44500	0.55500	0.00000	0.000	0.000	0.000
1978	3.881	0.398	0.140	1978	0.00000	0.79912	0.20088	0.00000	0.00000	0.44524	0.55476	0.00000	0.000	0.000	0.000
1979	4.079	0.432	0.157	1979	0.00000	0.79919	0.20081	0.00000	0.00000	0.44537	0.55463	0.00000	0.000	0.000	0.000
1980	4.285	0.472	0.176	1980	0.00000	0.79924	0.20077	0.00000	0.00000	0.44578	0.55422	0.00000	0.000	0.000	0.000
1981	4.493	0.513	0.197	1981	0.00000	0.79881	0.20119	0.00000	0.00263	0.43804	0.55784	0.00148	0.000	0.000	0.000
1982	4.698	0.558	0.219	1982	0.00000	0.79924	0.20076	0.00000	0.00260	0.43497	0.55948	0.00295	0.000	0.000	0.000
1983	4.904	0.606	0.243	1983	0.00000	0.80169	0.19831	0.00000	0.00258	0.42807	0.56493	0.00442	0.000	0.000	0.000
1984	5.113	0.658	0.268	1984	0.00000	0.80502	0.19498	0.00000	0.00255	0.42076	0.57079	0.00589	0.000	0.000	0.000
1985	5.324	0.712	0.295	1985	0.00681	0.80322	0.18997	0.00000	0.00253	0.41778	0.57234	0.00736	0.000	0.000	0.000
1986	5.538	0.770	0.324	1986	0.00955	0.80477	0.18568	0.00000	0.00251	0.40827	0.58038	0.00883	0.000	0.000	0.000
1987	5.755	0.831	0.356	1987	0.01232	0.80656	0.18112	0.00000	0.00250	0.40184	0.58534	0.01032	0.000	0.000	0.000
1988	5.976	0.894	0.388	1988	0.01509	0.80977	0.17515	0.00000	0.00247	0.39649	0.58922	0.01183	0.000	0.000	0.000
1989	6.199	0.960	0.423	1989	0.01784	0.81238	0.16978	0.00000	0.00244	0.39441	0.58982	0.01333	0.000	0.000	0.000
1990	6.426	1.029	0.460	1990	0.02739	0.80400	0.16473	0.00389	0.00240	0.40887	0.57392	0.01482	0.000	0.000	0.000
1991	6.655	1.101	0.500	1991	0.03917	0.79173	0.16127	0.00783	0.00237	0.40849	0.57291	0.01623	0.000	0.000	0.000
1992	6.887	1.177	0.541	1992	0.05105	0.77935	0.15778	0.01182	0.00235	0.40803	0.57195	0.01767	0.000	0.000	0.000
1993	7.122	1.255	0.585	1993	0.06301	0.76688	0.15426	0.01585	0.00233	0.40774	0.57084	0.01909	0.000	0.000	0.000
1994	7.360	1.337	0.627	1994	0.07509	0.75429	0.15069	0.01993	0.00232	0.40720	0.56994	0.02054	0.000	0.000	0.000
1995	7.601	1.422	0.673	1995	0.08723	0.74166	0.14710	0.02401	0.00231	0.40702	0.56871	0.02196	0.000	0.000	0.000
1996	7.847	1.509	0.728	1996	0.09947	0.72892	0.14347	0.02814	0.00229	0.40678	0.56754	0.02339	0.000	0.000	0.000
1997	8.097	1.600	0.787	1997	0.11180	0.71609	0.13981	0.03230	0.00228	0.40655	0.56634	0.02483	0.000	0.000	0.000
1998	8.343	1.693	0.845	1998	0.12419	0.70317	0.13614	0.03649	0.00227	0.40657	0.56491	0.02625	0.000	0.000	0.000
1999	8.588	1.789	0.906	1999	0.13668	0.69015	0.13244	0.04074	0.00226	0.40650	0.56355	0.02770	0.000	0.000	0.000
2000	8.844	1.889	0.972	2000	0.14924	0.67705	0.12871	0.04500	0.00224	0.40658	0.56204	0.02914	0.000	0.000	0.000
2001	9.108	1.993	1.041	2001	0.16186	0.66388	0.12497	0.04930	0.00222	0.40689	0.56031	0.03057	0.000	0.000	0.000
2002	9.392	2.101	1.114	2002	0.17458	0.65060	0.12119	0.05363	0.00221	0.40704	0.55873	0.03203	0.000	0.000	0.000
2003	9.704	2.212	1.191	2003	0.18738	0.63724	0.11738	0.05800	0.00220	0.40732	0.55701	0.03347	0.000	0.000	0.000
2004	10.031	2.329	1.273	2004	0.20027	0.62379	0.11353	0.06241	0.00219	0.40756	0.55533	0.03492	0.000	0.000	0.000
2005	10.356	2.451	1.359	2005	0.21324	0.61032	0.10966	0.06678	0.00217	0.40802	0.55347	0.03634	0.000	0.000	0.000
2006	10.677	2.584	1.451	2006	0.22633	0.59677	0.10576	0.07115	0.00217	0.40835	0.55171	0.03777	0.000	0.000	0.000
2007	11.018	2.734	1.547	2007	0.23950	0.58317	0.10182	0.07551	0.00216	0.40873	0.54991	0.03920	0.000	0.000	0.000
2008	11.369	2.877	1.650	2008	0.25270	0.56957	0.09787	0.07985	0.00213	0.40979	0.54753	0.04056	0.000	0.000	0.000
2009	11.704	3.017	1.757	2009	0.26604	0.55588	0.09389	0.08419	0.00212	0.41052	0.54542	0.04194	0.000	0.000	0.000
2010	12.026	3.166	1.870	2010	0.27948	0.54203	0.08986	0.08863	0.00212	0.41121	0.54329	0.04337	0.000	0.000	0.000
2011	12.346	3.309	1.989	2011	0.29297	0.52803	0.08579	0.09321	0.00212	0.41213	0.54097	0.04478	0.000	0.000	0.000
2012	12.657	3.446	2.114	2012	0.30649	0.51418	0.08171	0.09763	0.00212	0.41331	0.53842	0.04616	0.000	0.000	0.000
2013	12.958	3.585	2.246	2013	0.32019	0.50036	0.07759	0.10186	0.00213	0.41448	0.53587	0.04752	0.000	0.000	0.000
2014	13.251	3.725	2.382	2014	0.33401	0.48636	0.07343	0.10620	0.00213	0.41595	0.53304	0.04888	0.000	0.000	0.000
2015	13.539	3.872	2.523	2015	0.34790	0.47207	0.06922	0.11081	0.00212	0.41655	0.53097	0.05036	0.000	0.000	0.000
2016	13.830	4.030	2.669	2016	0.36205	0.45799	0.06503	0.11493	0.00218	0.42028	0.52577	0.05176	0.000	0.000	0.000
2017	14.124	4.195	2.818	2017	0.37632	0.44392	0.06081	0.11896	0.00221	0.42273	0.52196	0.05311	0.000	0.000	0.000
2018	14.423	4.368	2.974	2018	0.39096	0.42952	0.05650	0.12303	0.00221	0.42424	0.51908	0.05448	0.000	0.000	0.000
2019	14.727	4.558	3.139	2019	0.39025	0.42881	0.05479	0.12615	0.00552	0.42394	0.51474	0.05581	0.000	0.000	0.000
2020	15.016	4.750	3.310	2020	0.38965	0.42812	0.05329	0.12894	0.00724	0.42535	0.51053	0.05689	0.000	0.000	0.000
2021	15.293	4.944	3.487	2021	0.38870	0.42687	0.05180	0.13263	0.00898	0.42613	0.50674	0.05815	0.000	0.000	0.000
2022	15.576	5.149	3.670	2022	0.38786	0.42540	0.05034	0.13640	0.01074	0.42714	0.50274	0.05938	-0.004	-0.003	-0.009
2023	15.864	5.367	3.860	2023	0.38707	0.42397	0.04877	0.14018	0.01250	0.42804	0.49890	0.06055	-0.016	-0.014	-0.034
2024	16.155	5.590	4.058	2024	0.38623	0.42261	0.04721	0.14396	0.01428	0.42973	0.49430	0.06170	-0.022	-0.017	-0.049
2025	16.447	5.817	4.263	2025	0.38537	0.42130	0.04564	0.14770	0.01606	0.43153	0.48957	0.06284	-0.029	-0.022	-0.064
2026	16.739	6.047	4.476	2026	0.38452	0.42000	0.04408	0.15140	0.01785	0.43334	0.48481	0.06401	-0.038	-0.030	-0.082
2027	17.031	6.280	4.696	2027	0.38368	0.41871	0.04255	0.15507	0.01964	0.43506	0.48011	0.06520	-0.049	-0.039	-0.105
2028	17.323	6.516	4.924	2028	0.38286	0.41739	0.04102	0.15873	0.02144	0.43665	0.47551	0.06641	-0.060	-0.049	-0.129
2029	17.614	6.755	5.159	2029	0.38207	0.41602	0.03951	0.16241	0.02324	0.43817	0.47095	0.06764	-0.070	-0.057	-0.151
2030	17.905	6.997	5.402	2030	0.38128	0.41459	0.03801	0.16613	0.02505	0.43966	0.46641	0.06887	-0.079	-0.064	-0.172
2031	18.197	7.243	5.654	2031	0.38052	0.41308	0.03652	0.16988	0.02687	0.44109	0.46195	0.07010	-0.080	-0.065	-0.180
2032	18.488	7.491	5.913	2032	0.37977	0.41152	0.03505	0.17366	0.02868	0.44253	0.45749	0.07130	-0.086	-0.071	-0.193
2033	18.778	7.744	6.181	2033	0.37904	0.40992	0.03359	0.17745	0.03050	0.44393	0.45309	0.07248	-0.091	-0.077	-0.205
2034	19.068	8.001	6.458	2034	0.37834	0.40828	0.03214	0.18124	0.03233	0.44531	0.44873	0.07363	-0.095	-0.081	-0.216
2035	19.356	8.262	6.743	2035	0.37767	0.40662	0.03071	0.18501	0.03416	0.44661	0.44447	0.07476	-0.097	-0.083	-0.224
2036	19.643	8.527	7.038	2036	0.37703	0.40494	0.02928	0.18875	0.03600	0.44784	0.44029	0.07587	-0.100	-0.086	-0.231
2037	19.929	8.797	7.340	2037	0.37644	0.40324	0.02787	0.19245	0.03785	0.44906	0.43614	0.07695	-0.104	-0.089	-0.238
2038	20.213	9.071	7.651	2038	0.37588	0.40152	0.02647	0.19613	0.03970	0.45030	0.43200	0.07800	-0.109	-0.094	-0.245
2039	20.495	9.348	7.971	2039	0.37537	0.39979	0.02508	0.19977	0.04157	0.45154	0.42786	0.07903	-0.114	-0.098	-0.251
2040	20.775	9.630	8.300	2040	0.37489	0.39802	0.02370	0.20339	0.04344	0.45280	0.42373	0.08004	-0.118	-0.102	-0.257
2041	21.053	9.916	8.636	2041	0.37445	0.39624	0.02232	0.20699	0.04532	0.45405	0.41962	0.08102	-0.122	-0.105	-0.262
2042	21.327	10.206	8.982	2042	0.37403	0.39443	0.02096	0.21059	0.04721	0.45532	0.41550	0.08197	-0.124	-0.108	-0.265
2043	21.599	10.500	9.336	2043	0.37364	0.39258	0.01959	0.21419	0.04910	0.45665	0.41135	0.08290	-0.126	-0.110	-0.268
2044	21.866	10.797	9.698	2044	0.37331	0.39073	0.01824	0.21773	0.05101	0.45801	0.40717	0.08381	-0.128	-0.111	-0.270
2045	22.130	11.098	10.069	2045	0.37302	0.38885	0.01689	0.22124	0.05293	0.45939	0.40299	0.08470	-0.129	-0.114	-0.272
2046	22.389	11.402	10.447	2046	0.37276	0.38691	0.01555	0.22478	0.05485	0.46081	0.39877	0.08557	-0.131	-0.116	-0.274
2047	22.644	11.709	10.835	2047	0.37252	0.38492	0.01423	0.22834	0.05678	0.46223	0.39456	0.08642	-0.133	-0.119	-0.276
2048	22.894	12.019	11.231	2048	0.37231	0.38286	0.01292	0.23192	0.05873	0.46368	0.39034	0.08726	-0.135	-0.122	-0.278
2049	23.138	12.332	11.635	2049	0.37212	0.38074	0.01163	0.23552	0.06067	0.46513	0.38612	0.08808	-0.137	-0.126	-0.281
2050	23.376	12.647	12.047	2050	0.37195	0.37820	0.01071	0.23914	0.06262	0.46663	0.38187	0.08889	-0.140	-0.131	-0.285
2051	23.609	12.964	12.467	2051	0.37195	0.37556	0.00998	0.24251	0.06457	0.46801	0.37773	0.08969	-0.143	-0.135	-0.289
2052	23.835	13.284	12.895	2052	0.37231	0.37314	0.00926	0.24529	0.06654	0.46940	0.37359	0.09046	-0.147	-0.140	-0.293
2053	24.054	13.605	13.332	2053	0.37268	0.37068	0.00855	0.24809	0.06852	0.47079	0.36946	0.09123	-0.150	-0.145	-0.297
2054	24.268	13.928	13.777	2054	0.37308	0.36817	0.00784	0.25091	0.07051	0.47220	0.36532	0.09197	-0.154	-0.150	-0.302
2055	24.475	14.253	14.229	2055	0.37351	0.36512	0.00764	0.25374	0.07251	0.47360	0.36119	0.09270	-0.157	-0.155	-0.307
2056	24.677	14.579	14.690	2056	0.37395	0.36182	0.00764	0.25660	0.07452	0.47495	0.35711	0.09342	-0.161	-0.160	-0.312
2057	24.873	14.907	15.159	2057	0.37440	0.35848	0.00764	0.25948	0.07654	0.47633	0.35303	0.09411	-0.164	-0.165	-0.317
2058	25.064	15.236	15.635	2058	0.37488	0.35510	0.00764	0.26238	0.07857	0.47775	0.34895	0.09473	-0.166	-0.169	-0.322
2059	25.251	15.567	16.120	2059	0.37537	0.35169	0.00763	0.26531	0.08063	0.47919	0.34484	0.09534	-0.169	-0.173	-0.326
2060	25.434	15.899	16.612	2060	0.37587	0.34822	0.00763	0.26828	0.08270	0.48070	0.34073	0.09587	-0.170	-0.178	-0.330
2061	25.613	16.232	17.112												
2062	25.790	16.567	17.620												
2063	25.964	16.902	18.136												
2064	26.137	17.239	18.659												
2065	26.309	17.577	19.189												
2066	26.481	17.916	19.727												
2067	26.652	18.256	20.273												
2068	26.823	18.597	20.825												
2069	26.996	18.940	21.385												
2070	27.169	19.283	21.952												
2071	27.345	19.627	22.525												
2072	27.523	19.972	23.106												
2073	27.702	20.318	23.692												
2074	27.884	20.665	24.284												
2075	28.069	21.012	24.881												
2076	28.255	21.360	25.485												
2077	28.444	21.709	26.094												
2078	28.634	22.058	26.708												
2079	28.827	22.407	27.327												
2080	29.020	22.756	27.952												
2081	29.215	23.105	28.583												
2082	29.410	23.455	29.219												
2083	29.606	23.804	29.859												
2084	29.802	24.153	30.504												
2085	29.998	24.502	31.154												
2086	30.194	24.850	31.808												
2087	30.389	25.197	32.465												
2088	30.583	25.544	33.127												
2089	30.776	25.890	33.792												
2090	30.969	26.235	34.460												
2091	31.161	26.580	35.131												
2092	31.352	26.923	35.805												
2093	31.542	27.265	36.482												
2094	31.731	27.607	37.162												
2095	31.918	27.947	37.845												
2096	32.105	28.285	38.529												
2097	32.291	28.623	39.216												
2098	32.476	28.959	39.904												
2099	32.660	29.294	40.595												
2100	32.843	29.627	41.287												
